time,oscillator_id,send_count,transmission_end_time,transmission_time_ms
1315.0,9,1,1335.544,20.544
2464.5896000000002,1,1,2485.1336,20.544
3611.0192,4,1,3631.5632,20.544
4757.858904,10,1,4778.402904,20.544
5904.8333016,8,1,5925.3773016,20.544
7052.5558328,18,1,7073.0998328,20.544
8199.723806664,9,2,8220.267806664,20.544
9346.9659069496,1,2,9367.5099069496,20.544
10494.0659148544,0,1,10514.6099148544,20.544
11641.105206994423,5,1,11661.649206994423,20.544
12788.214867671877,11,1,12808.758867671877,20.544
13935.230542550187,19,1,13955.774542550187,20.544
15082.263544713638,16,1,15102.807544713638,20.544
16229.516158141287,1,3,16250.060158141287,20.544
17376.74748049993,0,2,17397.29148049993,20.544
18523.759678791197,4,2,18544.3036787912,20.544
19670.790941227016,12,1,19691.334941227018,20.544
20817.822253312002,8,2,20838.366253312004,20.544
21964.85215111674,7,1,21985.39615111674,20.544
23111.882148250283,2,1,23132.426148250284,20.544
24259.136661830762,0,3,24279.680661830764,20.544
25406.368545778125,4,3,25426.912545778127,20.544
26553.38233875261,5,2,26573.92633875261,20.544
27700.413759779356,10,2,27720.957759779358,20.544
28847.44576512537,19,2,28867.98976512537,20.544
29994.475508644144,13,1,30015.019508644145,20.544
31141.505458713516,6,1,31162.049458713518,20.544
32288.75995407792,4,4,32309.30395407792,20.544
33435.99183334187,5,3,33456.53583334187,20.544
34583.005610476466,12,2,34603.54961047647,20.544
35730.03703393885,11,2,35750.58103393885,20.544
36877.06903424585,7,2,36897.61303424585,20.544
38024.0987789836,3,1,38044.6427789836,20.544
39171.1287288178,17,1,39191.6727288178,20.544
40318.38322437796,5,4,40338.92722437796,20.544
41465.615103638534,12,3,41486.159103638536,20.544
42612.62888090342,10,3,42633.172880903425,20.544
43759.6603042905,8,3,43780.2043042905,20.544
44906.6923046485,13,2,44927.236304648504,20.544
46053.72204935996,14,1,46074.26604935996,20.544
47200.75199913199,9,3,47221.295999131995,20.544
48348.006494697576,12,4,48368.55049469758,20.544
49495.23837395873,10,4,49515.78237395873,20.544
50642.25215122372,11,3,50662.79615122372,20.544
51789.28357461225,19,3,51809.82757461225,20.544
52936.31557497049,3,2,52956.85957497049,20.544
54083.34531968215,15,1,54103.88931968215,20.544
55230.3752694548,1,4,55250.919269454804,20.544
56377.629765020305,10,5,56398.17376502031,20.544
57524.861644281445,11,4,57545.40564428145,20.544
58671.875421546414,8,4,58692.419421546416,20.544
59818.90684493493,7,3,59839.45084493493,20.544
60965.93884529316,14,2,60986.48284529316,20.544
62112.96859000481,18,2,62133.512590004815,20.544
63259.99853977747,0,4,63280.542539777474,20.544
64407.253035342976,11,5,64427.79703534298,20.544
65554.48491460412,8,5,65575.02891460412,20.544
66701.49869186908,19,4,66722.04269186908,20.544
67848.5301152576,13,3,67869.0741152576,20.544
68995.56211561583,15,2,69016.10611561582,20.544
70142.59186032748,16,2,70163.13586032747,20.544
71289.62181010013,4,5,71310.16581010012,20.544
72436.87630566562,8,6,72457.42030566561,20.544
73584.10818492675,19,5,73604.65218492674,20.544
74731.12196219171,7,4,74751.6659621917,20.544
75878.15338558023,3,3,75898.69738558022,20.544
77025.18538593846,18,3,77045.72938593845,20.544
78172.2151306501,2,2,78192.7591306501,20.544
79319.24508042276,5,5,79339.78908042275,20.544
80466.49957598824,19,6,80487.04357598824,20.544
81613.73145524938,7,5,81634.27545524937,20.544
82760.74523251434,13,4,82781.28923251433,20.544
83907.77665590285,14,3,83928.32065590285,20.544
85054.80865626108,16,3,85075.35265626108,20.544
86201.83840097273,6,2,86222.38240097273,20.544
87348.86835074538,12,5,87369.41235074538,20.544
88496.12284631087,7,6,88516.66684631087,20.544
89643.354725572,13,5,89663.898725572,20.544
90790.36850283697,3,4,90810.91250283696,20.544
91937.39992622548,15,3,91957.94392622547,20.544
93084.43192658371,2,3,93104.9759265837,20.544
94231.46167129536,17,2,94252.00567129535,20.544
95378.49162106801,10,6,95399.035621068,20.544
96525.7461166335,13,6,96546.29011663349,20.544
97672.97799589463,3,5,97693.52199589463,20.544
98819.99177315959,14,4,98840.53577315959,20.544
99967.0231965481,18,4,99987.5671965481,20.544
101114.05519690634,6,3,101134.59919690633,20.544
102261.08494161798,9,4,102281.62894161798,20.544
103408.11489139064,11,6,103428.65889139063,20.544
104555.36938695612,3,6,104575.91338695612,20.544
105702.60126621726,14,5,105723.14526621725,20.544
106849.61504348222,15,4,106870.15904348221,20.544
107996.64646687073,16,4,108017.19046687073,20.544
109143.67846722897,17,3,109164.22246722896,20.544
110290.70821194061,1,5,110311.2522119406,20.544
111437.73816171326,8,7,111458.28216171326,20.544
112584.99265727875,14,6,112605.53665727875,20.544
113732.22453653988,15,5,113752.76853653988,20.544
114879.23831380485,18,5,114899.78231380484,20.544
116026.26973719336,2,4,116046.81373719336,20.544
117173.30173755159,9,5,117193.84573755159,20.544
118320.33148226324,0,5,118340.87548226323,20.544
119467.36143203589,19,7,119487.90543203588,20.544
120614.61592760138,15,6,120635.15992760137,20.544
121761.84780686251,18,6,121782.3918068625,20.544
122908.86158412747,16,5,122929.40558412747,20.544
124055.89300751599,6,4,124076.43700751598,20.544
125202.92500787422,1,6,125223.46900787421,20.544
126349.95475258587,4,6,126370.49875258586,20.544
127496.98470235852,7,7,127517.52870235851,20.544
128644.239197924,18,7,128664.783197924,20.544
129791.47107718514,16,6,129812.01507718513,20.544
130938.4848544501,2,5,130959.0288544501,20.544
132085.51627783861,17,4,132106.0602778386,20.544
133232.54827819683,0,6,133253.09227819683,20.544
134379.57802290848,5,6,134400.12202290847,20.544
135526.60797268111,13,7,135547.1519726811,20.544
136673.8624682466,16,7,136694.4064682466,20.544
137821.09434750775,2,6,137841.63834750775,20.544
138968.10812477273,6,5,138988.65212477272,20.544
140115.13954816124,9,6,140135.68354816124,20.544
141262.17154851946,4,7,141282.71554851945,20.544
142409.2012932311,12,6,142429.7452932311,20.544
143556.23124300374,3,7,143576.77524300374,20.544
144703.48573856923,2,7,144724.02973856922,20.544
145850.71761783038,6,6,145871.26161783037,20.544
146997.73139509535,17,5,147018.27539509535,20.544
148144.76281848387,1,7,148165.30681848386,20.544
149291.79481884209,5,7,149312.33881884208,20.544
150438.82456355373,10,7,150459.36856355373,20.544
151585.85451332637,14,7,151606.39851332636,20.544
152733.10900889186,6,7,152753.65300889185,20.544
153880.340888153,17,6,153900.884888153,20.544
155027.35466541798,9,7,155047.89866541798,20.544
156174.3860888065,0,7,156194.9300888065,20.544
157321.4180891647,12,7,157341.9620891647,20.544
158468.44783387636,11,7,158488.99183387635,20.544
159615.477783649,15,7,159636.021783649,20.544
160762.73227921448,17,7,160783.27627921448,20.544
161909.96415847563,9,8,161930.50815847563,20.544
163056.9779357406,1,8,163077.5219357406,20.544
164204.00935912912,4,8,164224.55335912912,20.544
165351.04135948734,10,8,165371.58535948733,20.544
166498.07110419899,8,8,166518.61510419898,20.544
167645.10105397162,18,8,167665.64505397162,20.544
168792.3555495371,9,9,168812.8995495371,20.544
169939.58742879826,1,9,169960.13142879825,20.544
171086.60120606323,0,8,171107.14520606323,20.544
172233.63262945175,5,8,172254.17662945174,20.544
173380.66462980997,11,8,173401.20862980996,20.544
174527.6943745216,19,8,174548.2383745216,20.544
175674.72432429425,16,8,175695.26832429424,20.544
176821.97881985974,1,10,176842.52281985973,20.544
177969.2106991209,0,9,177989.75469912088,20.544
179116.22447638586,4,9,179136.76847638586,20.544
180263.25589977438,12,8,180283.79989977437,20.544
181410.2879001326,8,9,181430.8319001326,20.544
182557.31764484424,7,8,182577.86164484423,20.544
183704.34759461688,2,8,183724.89159461687,20.544
184851.60209018236,0,10,184872.14609018236,20.544
185998.8339694435,4,10,186019.3779694435,20.544
187145.8477467085,5,9,187166.39174670848,20.544
188292.879170097,10,9,188313.423170097,20.544
189439.91117045522,19,9,189460.4551704552,20.544
190586.94091516687,13,8,190607.48491516686,20.544
191733.9708649395,6,8,191754.5148649395,20.544
192881.225360505,4,11,192901.769360505,20.544
194028.45723976614,5,10,194049.00123976613,20.544
195175.47101703112,12,9,195196.0150170311,20.544
196322.50244041963,11,9,196343.04644041962,20.544
197469.53444077785,7,9,197490.07844077784,20.544
198616.5641854895,3,8,198637.1081854895,20.544
199763.59413526213,17,8,199784.13813526212,20.544
200910.84863082762,5,11,200931.3926308276,20.544
202058.08051008877,12,10,202078.62451008876,20.544
203205.09428735374,10,10,203225.63828735374,20.544
204352.12571074226,8,10,204372.66971074225,20.544
205499.15771110047,13,9,205519.70171110047,20.544
206646.18745581212,14,8,206666.7314558121,20.544
207793.21740558476,9,10,207813.76140558475,20.544
208940.47190115025,12,11,208961.01590115024,20.544
210087.7037804114,10,11,210108.2477804114,20.544
211234.71755767637,11,10,211255.26155767636,20.544
212381.74898106488,19,10,212402.29298106488,20.544
213528.7809814231,3,9,213549.3249814231,20.544
214675.81072613475,15,8,214696.35472613474,20.544
215822.84067590738,1,11,215843.38467590738,20.544
216970.09517147287,10,12,216990.63917147287,20.544
218117.32705073402,11,11,218137.87105073401,20.544
219264.340827999,8,11,219284.884827999,20.544
220411.3722513875,7,10,220431.9162513875,20.544
221558.40425174573,14,9,221578.94825174572,20.544
222705.43399645737,18,9,222725.97799645737,20.544
223852.46394623,0,11,223873.00794623,20.544
224999.7184417955,11,12,225020.2624417955,20.544
226146.95032105665,8,12,226167.49432105664,20.544
227293.96409832162,19,11,227314.50809832162,20.544
228440.99552171014,13,10,228461.53952171013,20.544
229588.02752206835,15,9,229608.57152206835,20.544
230735.05726678,16,9,230755.60126678,20.544
231882.08721655264,4,12,231902.63121655263,20.544
233029.34171211813,8,13,233049.88571211812,20.544
234176.57359137927,19,12,234197.11759137927,20.544
235323.58736864425,7,11,235344.13136864424,20.544
236470.61879203276,3,10,236491.16279203276,20.544
237617.65079239098,18,10,237638.19479239098,20.544
238764.68053710263,2,9,238785.22453710262,20.544
239911.71048687526,5,12,239932.25448687526,20.544
241058.96498244075,19,13,241079.50898244075,20.544
242206.1968617019,7,12,242226.7408617019,20.544
243353.21063896688,13,11,243373.75463896687,20.544
244500.2420623554,14,10,244520.7860623554,20.544
245647.2740627136,16,10,245667.8180627136,20.544
246794.30380742525,6,9,246814.84780742525,20.544
247941.3337571979,12,12,247961.8777571979,20.544
249088.58825276338,7,13,249109.13225276337,20.544
250235.82013202453,13,12,250256.36413202452,20.544
251382.8339092895,3,11,251403.3779092895,20.544
252529.86533267802,15,10,252550.409332678,20.544
253676.89733303624,2,10,253697.44133303623,20.544
254823.92707774788,17,9,254844.47107774788,20.544
255970.95702752052,10,13,255991.5010275205,20.544
257118.211523086,13,13,257138.755523086,20.544
258265.44340234715,3,12,258285.98740234715,20.544
259412.45717961213,14,11,259433.00117961213,20.544
260559.48860300065,18,11,260580.03260300064,20.544
261706.52060335886,6,10,261727.06460335886,20.544
262853.5503480705,1,12,262874.0943480705,20.544
262853.5503480705,9,11,262874.0943480705,20.544
264111.7429430478,11,13,264132.2869430478,20.544
265285.30396670423,14,12,265305.8479667042,20.544
266454.0307012855,15,11,266474.5747012855,20.544
267620.56630957406,16,11,267641.11030957405,20.544
268785.17315058096,17,10,268805.71715058095,20.544
269948.0004703301,0,12,269968.5444703301,20.544
271120.3643176041,8,14,271140.9083176041,20.544
272297.22055597225,15,12,272317.76455597224,20.544
273469.1093034084,18,12,273489.6533034084,20.544
274640.2467851952,2,11,274660.7907851952,20.544
275810.94713801803,1,13,275831.491138018,20.544
275810.94713801803,9,12,275831.491138018,20.544
277071.40623134136,4,13,277091.95023134135,20.544
278232.29163998965,19,14,278252.83563998964,20.544
279399.4630063315,18,13,279420.0070063315,20.544
280562.8107788316,16,12,280583.3547788316,20.544
281726.5657911701,6,11,281747.1097911701,20.544
282891.349987424,0,13,282911.893987424,20.544
284065.3452118179,5,13,284085.8892118179,20.544
285238.02945485536,7,14,285258.57345485536,20.544
286413.997187253,16,13,286434.54118725297,20.544
287585.29016694945,2,12,287605.83416694944,20.544
288755.4447332306,17,11,288775.98873323057,20.544
289926.34380342625,4,14,289946.88780342625,20.544
291096.2335442872,12,13,291116.7775442872,20.544
292266.40273754724,13,14,292286.94673754723,20.544
293441.7810804875,2,13,293462.32508048747,20.544
294612.4669372032,6,12,294633.0109372032,20.544
295782.79605865583,1,14,295803.3400586558,20.544
295782.79605865583,9,13,295803.3400586558,20.544
297043.3559018802,5,14,297063.8999018802,20.544
298204.63326633896,10,14,298225.17726633896,20.544
299366.7998508862,3,13,299387.3438508862,20.544
300534.8561595179,6,13,300555.4001595179,20.544
301699.0238481423,17,12,301719.5678481423,20.544
302863.4259051663,0,14,302883.9699051663,20.544
304037.44981400087,12,14,304057.99381400086,20.544
305210.1577725319,11,14,305230.7017725319,20.544
306381.8116251635,14,13,306402.3556251635,20.544
307557.0224474614,17,13,307577.5664474614,20.544
308727.6237776584,1,15,308748.1677776584,20.544
308727.6237776584,9,14,308748.1677776584,20.544
309988.0745547389,4,15,310008.6185547389,20.544
311149.36032339337,10,15,311169.90432339336,20.544
312311.4296717117,8,15,312331.9736717117,20.544
313474.457514057,15,13,313495.001514057,20.544
314643.26374041714,1,16,314663.80774041713,20.544
314643.26374041714,9,15,314663.80774041713,20.544
315903.2311869453,0,15,315923.7751869453,20.544
317067.71822489245,5,15,317088.26222489245,20.544
318232.313250055,11,15,318252.857250055,20.544
319396.21452763246,19,15,319416.75852763245,20.544
320560.0284632606,18,14,320580.5724632606,20.544
321737.8383356291,0,16,321758.3823356291,20.544
322910.4991429222,4,16,322931.0431429222,20.544
324082.2142014353,12,15,324102.75820143527,20.544
325253.5402782492,8,16,325274.0842782492,20.544
326423.7973472832,7,15,326444.3413472832,20.544
327593.41010563157,16,14,327613.95410563156,20.544
328768.60860936064,4,17,328789.15260936064,20.544
329939.1689408801,5,16,329959.7129408801,20.544
331109.498866661,10,16,331130.042866661,20.544
332280.2489634004,19,16,332300.79296340037,20.544
333450.5934421894,13,15,333471.1374421894,20.544
334620.86475381517,2,14,334641.40875381517,20.544
335796.18477252166,5,17,335816.72877252166,20.544
336966.9017721263,12,16,336987.4457721263,20.544
338137.18706112925,11,16,338157.73106112925,20.544
339307.8997864886,7,16,339328.4437864886,20.544
340478.15878470836,3,14,340498.70278470835,20.544
341648.4190196376,6,14,341668.96301963757,20.544
342823.75689488644,12,17,342844.30089488643,20.544
343994.47138359136,10,17,344015.01538359135,20.544
345164.77492146974,8,17,345185.31892146973,20.544
346335.4887592463,13,16,346356.0327592463,20.544
347505.74540472974,14,14,347526.28940472973,20.544
348676.00241212576,17,14,348696.54641212575,20.544
349851.33890927234,10,18,349871.88290927233,20.544
351022.05356949614,11,17,351042.59756949614,20.544
352192.35645798227,19,17,352212.90045798226,20.544
353363.0707029634,3,15,353383.6147029634,20.544
354533.32780650246,15,14,354553.87180650246,20.544
355703.58490585,1,17,355724.12890585,20.544
355703.58490585,9,16,355724.12890585,20.544
356964.60815248644,11,18,356985.15215248644,20.544
358126.754148287,8,18,358147.298148287,20.544
359289.3451529518,7,17,359309.8891529518,20.544
360453.1187329223,14,15,360473.6627329223,20.544
361617.1292752915,18,15,361637.6732752915,20.544
362781.76448677666,0,17,362802.30848677666,20.544
363959.75305292767,8,19,363980.29705292766,20.544
365132.8546059385,19,18,365153.3986059385,20.544
366304.53444557515,13,17,366325.07844557514,20.544
367475.7939028483,15,15,367496.3379028483,20.544
368645.91708082403,16,15,368666.461080824,20.544
369815.4914663368,4,18,369836.0354663368,20.544
370990.71738029696,19,19,371011.26138029696,20.544
372161.25542856025,7,18,372181.79942856025,20.544
373331.61411427625,3,16,373352.15811427624,20.544
374502.3706557033,18,16,374522.9146557033,20.544
375672.71493902546,2,15,375693.25893902546,20.544
376842.9822370568,5,18,376863.5262370568,20.544
378018.2991562072,7,19,378038.8431562072,20.544
379189.01770926896,13,18,379209.56170926895,20.544
380359.3011930988,14,16,380379.8451930988,20.544
381530.014074882,16,16,381550.558074882,20.544
382700.2738020295,6,15,382720.8178020295,20.544
383870.5342908381,12,18,383891.0782908381,20.544
385045.8722326812,13,19,385066.4162326812,20.544
386216.5866346145,3,17,386237.1306346145,20.544
387386.89011374715,15,16,387407.43411374715,20.544
388557.6039191416,2,16,388578.1479191416,20.544
389727.8605481614,17,15,389748.4045481614,20.544
390898.1175677318,10,19,390918.6615677318,20.544
392073.4540744201,3,18,392093.9980744201,20.544
393244.1687398504,14,17,393264.7127398504,20.544
394414.4716490198,18,17,394435.0156490198,20.544
395585.18589237536,6,16,395605.72989237536,20.544
396755.4429986854,1,18,396775.9869986854,20.544
396755.4429986854,9,17,396775.9869986854,20.544
398015.9583174748,11,19,398036.5023174748,20.544
399182.26895971235,14,18,399202.81295971235,20.544
400344.86039157637,15,17,400365.40439157636,20.544
401507.8522887917,16,17,401528.3962887917,20.544
402671.9866738059,17,16,402692.5306738059,20.544
403836.3219414034,0,18,403856.8659414034,20.544
405010.27518294915,8,20,405030.81918294914,20.544
406187.22330381186,15,18,406207.76730381185,20.544
407359.38845629495,18,18,407379.93245629495,20.544
408530.2656244851,2,17,408550.8096244851,20.544
409700.83875801467,1,19,409721.38275801466,20.544
409700.83875801467,9,18,409721.38275801466,20.544
410961.2821539096,4,19,410981.8261539096,20.544
412122.17106130626,19,20,412142.71506130625,20.544
413289.38240080513,18,19,413309.9264008051,20.544
414452.7113409556,16,18,414473.25534095557,20.544
415616.4975533431,6,17,415637.0415533431,20.544
416781.2734836265,0,19,416801.8174836265,20.544
417955.26395473577,5,19,417975.80795473576,20.544
419127.9442699223,7,20,419148.48826992227,20.544
420303.9105770256,16,19,420324.4545770256,20.544
421475.20515164034,2,18,421495.74915164034,20.544
422645.3585959428,17,17,422665.9025959428,20.544
423816.2588976885,4,20,423836.80289768847,20.544
424986.14900746656,12,19,425006.69300746656,20.544
426156.31813824276,13,20,426176.86213824275,20.544
427331.6964395825,2,19,427352.2404395825,20.544
428502.38228309,6,18,428522.92628308997,20.544
429672.7112152552,1,20,429693.2552152552,20.544
429672.7112152552,9,19,429693.2552152552,20.544
430933.2710504209,5,20,430953.8150504209,20.544
432094.54845019855,10,20,432115.09245019854,20.544
433256.7150235332,3,19,433277.2590235332,20.544
434424.7713494889,6,19,434445.31534948887,20.544
435588.93904006184,17,18,435609.48304006184,20.544
436753.34111738217,0,20,436773.88511738216,20.544
437927.3650209617,12,20,437947.90902096167,20.544
439100.0729769843,11,20,439120.6169769843,20.544
440271.7268224465,14,19,440292.2708224465,20.544
441446.937644208,17,19,441467.481644208,20.544
442617.5389733938,1,21,442638.0829733938,20.544
442617.5389733938,9,20,442638.0829733938,20.544
443877.989750565,4,21,443898.53375056497,20.544
445039.2755205748,10,21,445059.8195205748,20.544
446201.34486975597,8,21,446221.88886975596,20.544
447364.3727128421,15,19,447384.91671284207,20.544
448533.1789388972,1,22,448553.7229388972,20.544
448533.1789388972,9,21,448553.7229388972,20.544
449793.1463854235,0,21,449813.6903854235,20.544
450957.63342308823,5,21,450978.17742308823,20.544
452122.2284481001,11,21,452142.7724481001,20.544
453286.1297256651,19,21,453306.6737256651,20.544
454449.9436613993,18,20,454470.4876613993,20.544
455627.7535338017,0,22,455648.2975338017,20.544
456800.4143411229,4,22,456820.9583411229,20.544
457972.1293996374,12,21,457992.6733996374,20.544
459143.45547644916,8,22,459163.99947644916,20.544
460313.7125454622,7,21,460334.2565454622,20.544
461483.3253038011,16,20,461503.8693038011,20.544
462658.52380753326,4,23,462679.06780753325,20.544
463829.08413905295,5,22,463849.62813905295,20.544
464999.4140648381,10,22,465019.9580648381,20.544
466170.1641615783,19,22,466190.7081615783,20.544
467340.50864036777,13,21,467361.05264036776,20.544
468510.7799519928,2,20,468531.3239519928,20.544
469686.0999706988,5,23,469706.6439706988,20.544
470856.8169703033,12,22,470877.3609703033,20.544
472027.10225930595,11,22,472047.64625930594,20.544
473197.81498466537,7,22,473218.35898466536,20.544
474368.0739828853,3,20,474388.6179828853,20.544
475538.3342178145,6,20,475558.8782178145,20.544
476713.67209306336,12,23,476734.21609306335,20.544
477884.3865817683,10,23,477904.9305817683,20.544
479054.69011964666,8,23,479075.23411964666,20.544
480225.40395742323,13,22,480245.9479574232,20.544
481395.6606029066,14,20,481416.2046029066,20.544
482565.9176103026,17,20,482586.4616103026,20.544
483741.2541074492,10,24,483761.7981074492,20.544
484911.968767673,11,23,484932.512767673,20.544
486082.27165615914,19,23,486102.81565615913,20.544
487252.98590114026,3,21,487273.52990114025,20.544
488423.24300467933,15,20,488443.7870046793,20.544
489593.50010402687,1,23,489614.04410402686,20.544
489593.50010402687,9,22,489614.04410402686,20.544
490854.5233506633,11,24,490875.0673506633,20.544
492016.66934646387,8,24,492037.21334646386,20.544
493179.26035112864,7,23,493199.80435112864,20.544
494343.03393109917,14,21,494363.57793109916,20.544
495507.0444734684,18,21,495527.5884734684,20.544
496671.67968495353,0,23,496692.2236849535,20.544
497849.66825110454,8,25,497870.21225110453,20.544
499022.76980411535,19,24,499043.31380411534,20.544
500194.449643752,13,23,500214.993643752,20.544
501365.7091010252,15,21,501386.2531010252,20.544
502535.8322790009,16,21,502556.3762790009,20.544
503705.4066645137,4,24,503725.9506645137,20.544
504880.63257847383,19,25,504901.1765784738,20.544
506051.1706267371,7,24,506071.7146267371,20.544
507221.5293124531,3,22,507242.0733124531,20.544
508392.28585388017,18,22,508412.82985388016,20.544
509562.63013720233,2,21,509583.1741372023,20.544
510732.8974352337,5,24,510753.4414352337,20.544
511908.21435438405,7,25,511928.75835438404,20.544
513078.9329074458,13,24,513099.4769074458,20.544
514249.2163912757,14,22,514269.7603912757,20.544
515419.9292730589,16,22,515440.4732730589,20.544
516590.18900020636,6,21,516610.73300020635,20.544
517760.449489015,12,24,517780.993489015,20.544
518935.78743085806,13,25,518956.33143085806,20.544
520106.5018327914,3,23,520127.04583279137,20.544
521276.805311924,15,22,521297.349311924,20.544
522447.51911731844,2,22,522468.06311731844,20.544
523617.77574633824,17,21,523638.31974633824,20.544
524788.0327659086,10,25,524808.5767659086,20.544
525963.3692725969,3,24,525983.9132725969,20.544
527134.0839380271,14,23,527154.6279380271,20.544
528304.3868471965,18,23,528324.9308471965,20.544
529475.101090552,6,22,529495.645090552,20.544
530645.358196862,1,24,530665.902196862,20.544
530645.358196862,9,23,530665.902196862,20.544
531905.8735156514,11,25,531926.4175156514,20.544
533072.184157889,14,24,533092.728157889,20.544
534234.7755897531,15,23,534255.319589753,20.544
535397.7674869683,16,23,535418.3114869683,20.544
536561.9018719825,17,22,536582.4458719825,20.544
537726.23713958,0,24,537746.78113958,20.544
538900.1903811258,8,26,538920.7343811258,20.544
540077.1385019885,15,24,540097.6825019885,20.544
541249.3036544716,18,24,541269.8476544716,20.544
542420.1808226618,2,23,542440.7248226618,20.544
543590.7539561915,1,25,543611.2979561915,20.544
543590.7539561915,9,24,543611.2979561915,20.544
544851.1973520864,4,25,544871.7413520864,20.544
546012.086259483,19,26,546032.630259483,20.544
547179.2975989819,18,25,547199.8415989819,20.544
548342.6265391323,16,24,548363.1705391323,20.544
549506.4127515198,6,23,549526.9567515198,20.544
550671.1886818032,0,25,550691.7326818032,20.544
551845.1791529125,5,25,551865.7231529125,20.544
553017.859468099,7,26,553038.403468099,20.544
554193.8257752022,16,25,554214.3697752022,20.544
555365.120349817,2,24,555385.664349817,20.544
556535.2737941194,17,23,556555.8177941194,20.544
557706.1740958651,4,26,557726.7180958651,20.544
558876.0642056433,12,25,558896.6082056432,20.544
560046.2333364194,13,26,560066.7773364194,20.544
561221.6116377593,2,25,561242.1556377592,20.544
562392.2974812668,6,24,562412.8414812668,20.544
563562.626413432,1,26,563583.170413432,20.544
563562.626413432,9,25,563583.170413432,20.544
564823.1862485976,5,26,564843.7302485976,20.544
565984.4636483752,10,26,566005.0076483752,20.544
567146.63022171,3,25,567167.17422171,20.544
568314.6865476656,6,25,568335.2305476656,20.544
569478.8542382385,17,24,569499.3982382385,20.544
570643.2563155588,0,26,570663.8003155588,20.544
571817.2802191384,12,26,571837.8242191384,20.544
572989.9881751611,11,26,573010.5321751611,20.544
574161.6420206232,14,25,574182.1860206232,20.544
575336.8528423847,17,25,575357.3968423847,20.544
576507.4541715705,1,27,576527.9981715705,20.544
576507.4541715705,9,26,576527.9981715705,20.544
577767.9049487417,4,27,577788.4489487417,20.544
578929.1907187515,10,27,578949.7347187515,20.544
580091.2600679327,8,27,580111.8040679327,20.544
581254.2879110188,15,25,581274.8319110188,20.544
582423.094137074,1,28,582443.638137074,20.544
582423.094137074,9,27,582443.638137074,20.544
583683.0615836002,0,27,583703.6055836002,20.544
584847.548621265,5,27,584868.092621265,20.544
586012.1436462768,11,27,586032.6876462768,20.544
587176.0449238417,19,27,587196.5889238417,20.544
588339.8588595759,18,26,588360.4028595759,20.544
589517.6687319784,0,28,589538.2127319784,20.544
590690.3295392996,4,28,590710.8735392996,20.544
591862.0445978141,12,27,591882.5885978141,20.544
593033.3706746259,8,28,593053.9146746258,20.544
594203.6277436388,7,27,594224.1717436388,20.544
595373.2405019777,16,26,595393.7845019777,20.544
596548.43900571,4,29,596568.98300571,20.544
597718.9993372296,5,28,597739.5433372296,20.544
598889.3292630148,10,28,598909.8732630148,20.544
600060.079359755,19,28,600080.623359755,20.544
601230.4238385445,13,27,601250.9678385445,20.544
602400.6951501695,2,26,602421.2391501695,20.544
603576.0151688756,5,29,603596.5591688756,20.544
604746.73216848,12,28,604767.27616848,20.544
605917.0174574826,11,28,605937.5614574826,20.544
607087.7301828421,7,28,607108.2741828421,20.544
608257.989181062,3,26,608278.533181062,20.544
609428.2494159912,6,26,609448.7934159912,20.544
610603.5872912401,12,29,610624.1312912401,20.544
611774.301779945,10,29,611794.845779945,20.544
612944.6053178235,8,29,612965.1493178235,20.544
614115.3191556,13,28,614135.8631556,20.544
615285.5758010835,14,26,615306.1198010835,20.544
616455.8328084794,17,26,616476.3768084794,20.544
617631.169305626,10,30,617651.713305626,20.544
618801.8839658498,11,29,618822.4279658498,20.544
619972.186854336,19,29,619992.7308543359,20.544
621142.9010993171,3,27,621163.4450993171,20.544
622313.1582028562,15,26,622333.7022028562,20.544
623483.4153022037,1,29,623503.9593022037,20.544
623483.4153022037,9,28,623503.9593022037,20.544
624744.4385488402,11,30,624764.9825488402,20.544
625906.5845446407,8,30,625927.1285446407,20.544
627069.1755493055,7,29,627089.7195493055,20.544
628232.949129276,14,27,628253.493129276,20.544
629396.9596716452,18,27,629417.5036716452,20.544
630561.5948831303,0,29,630582.1388831303,20.544
631739.5834492813,8,31,631760.1274492813,20.544
632912.6850022922,19,30,632933.2290022922,20.544
634084.3648419288,13,29,634104.9088419288,20.544
635255.624299202,15,27,635276.168299202,20.544
636425.7474771778,16,27,636446.2914771778,20.544
637595.3218626906,4,30,637615.8658626906,20.544
638770.5477766508,19,31,638791.0917766507,20.544
639941.085824914,7,30,639961.629824914,20.544
641111.44451063,3,28,641131.98851063,20.544
642282.201052057,18,28,642302.745052057,20.544
643452.5453353791,2,27,643473.0893353791,20.544
644622.8126334104,5,30,644643.3566334104,20.544
645798.1295525609,7,31,645818.6735525609,20.544
646968.8481056226,13,30,646989.3921056226,20.544
648139.1315894525,14,28,648159.6755894525,20.544
649309.8444712358,16,28,649330.3884712358,20.544
650480.1041983832,6,27,650500.6481983832,20.544
651650.3646871918,12,30,651670.9086871918,20.544
652825.7026290349,13,31,652846.2466290349,20.544
653996.4170309681,3,29,654016.9610309681,20.544
655166.7205101007,15,28,655187.2645101007,20.544
656337.4343154952,2,28,656357.9783154952,20.544
657507.690944515,17,27,657528.234944515,20.544
658677.9479640855,10,31,658698.4919640855,20.544
659853.2844707738,3,30,659873.8284707738,20.544
661023.999136204,14,29,661044.543136204,20.544
662194.3020453734,18,29,662214.8460453734,20.544
663365.0162887289,6,28,663385.5602887289,20.544
664535.2733950389,1,30,664555.8173950389,20.544
664535.2733950389,9,29,664555.8173950389,20.544
665795.7887138283,11,31,665816.3327138283,20.544
666962.0993560659,14,30,666982.6433560658,20.544
668124.6907879299,15,29,668145.2347879299,20.544
669287.6826851452,16,29,669308.2266851452,20.544
670451.8170701594,17,28,670472.3610701594,20.544
671616.1523377568,0,30,671636.6963377568,20.544
672790.1055793026,8,32,672810.6495793026,20.544
673967.0537001654,15,30,673987.5977001654,20.544
675139.2188526485,18,30,675159.7628526485,20.544
676310.0960208387,2,29,676330.6400208387,20.544
677480.6691543683,1,31,677501.2131543683,20.544
677480.6691543683,9,30,677501.2131543683,20.544
678741.1125502633,4,31,678761.6565502633,20.544
679902.0014576599,19,32,679922.5454576599,20.544
681069.2127971587,18,31,681089.7567971587,20.544
682232.5417373092,16,30,682253.0857373092,20.544
683396.3279496967,6,29,683416.8719496967,20.544
684561.10387998,0,31,684581.64787998,20.544
685735.0943510893,5,31,685755.6383510893,20.544
686907.7746662758,7,32,686928.3186662758,20.544
688083.7409733791,16,31,688104.2849733791,20.544
689255.0355479938,2,30,689275.5795479938,20.544
690425.1889922962,17,29,690445.7329922962,20.544
691596.089294042,4,32,691616.633294042,20.544
692765.9794038201,12,31,692786.5234038201,20.544
693936.1485345963,13,32,693956.6925345963,20.544
695111.5268359361,2,31,695132.0708359361,20.544
696282.2126794436,6,30,696302.7566794436,20.544
697452.5416116088,1,32,697473.0856116088,20.544
697452.5416116088,9,31,697473.0856116088,20.544
698713.1014467744,5,32,698733.6454467744,20.544
699874.3788465521,10,32,699894.9228465521,20.544
701036.5454198868,3,31,701057.0894198868,20.544
702204.6017458425,6,31,702225.1457458425,20.544
703368.7694364154,17,30,703389.3134364154,20.544
704533.1715137357,0,32,704553.7155137357,20.544
705707.1954173152,12,32,705727.7394173152,20.544
706879.9033733379,11,32,706900.4473733379,20.544
708051.5572188001,14,31,708072.1012188001,20.544
709226.7680405616,17,31,709247.3120405616,20.544
710397.3693697473,1,33,710417.9133697473,20.544
710397.3693697473,9,32,710417.9133697473,20.544
711657.8201469185,4,33,711678.3641469185,20.544
712819.1059169284,10,33,712839.6499169284,20.544
713981.1752661095,8,33,714001.7192661095,20.544
715144.2031091957,15,31,715164.7471091957,20.544
716313.0093352508,1,34,716333.5533352508,20.544
716313.0093352508,9,33,716333.5533352508,20.544
717572.9767817771,0,33,717593.5207817771,20.544
718737.4638194419,5,33,718758.0078194418,20.544
719902.0588444537,11,33,719922.6028444536,20.544
721065.9601220186,19,33,721086.5041220186,20.544
722229.7740577528,18,32,722250.3180577528,20.544
723407.5839301553,0,34,723428.1279301553,20.544
724580.2447374765,4,34,724600.7887374765,20.544
725751.959795991,12,33,725772.503795991,20.544
726923.2858728027,8,34,726943.8298728027,20.544
728093.5429418157,7,33,728114.0869418157,20.544
729263.1557001546,16,32,729283.6997001546,20.544
730438.3542038868,4,35,730458.8982038868,20.544
731608.9145354065,5,34,731629.4585354065,20.544
732779.2444611917,10,34,732799.7884611917,20.544
733949.9945579319,19,34,733970.5385579319,20.544
735120.3390367214,13,33,735140.8830367214,20.544
736290.6103483464,2,32,736311.1543483464,20.544
737465.9303670524,5,35,737486.4743670524,20.544
738636.6473666569,12,34,738657.1913666569,20.544
739806.9326556595,11,34,739827.4766556595,20.544
740977.645381019,7,34,740998.189381019,20.544
742147.9043792388,3,32,742168.4483792388,20.544
743318.1646141681,6,32,743338.7086141681,20.544
744493.502489417,12,35,744514.046489417,20.544
745664.2169781219,10,35,745684.7609781219,20.544
746834.5205160003,8,35,746855.0645160003,20.544
748005.2343537769,13,34,748025.7783537769,20.544
749175.4909992603,14,32,749196.0349992603,20.544
750345.7480066563,17,32,750366.2920066563,20.544
751521.0845038028,10,36,751541.6285038028,20.544
752691.7991640266,11,35,752712.3431640266,20.544
753862.1020525128,19,35,753882.6460525128,20.544
755032.816297494,3,33,755053.360297494,20.544
756203.0734010331,15,32,756223.617401033,20.544
757373.3305003806,1,35,757393.8745003806,20.544
757373.3305003806,9,34,757393.8745003806,20.544
758634.3537470171,11,36,758654.8977470171,20.544
759796.4997428176,8,36,759817.0437428176,20.544
760959.0907474824,7,35,760979.6347474824,20.544
762122.8643274528,14,33,762143.4083274528,20.544
763286.8748698221,18,33,763307.418869822,20.544
764451.5100813071,0,35,764472.0540813071,20.544
765629.4986474582,8,37,765650.0426474581,20.544
766802.600200469,19,36,766823.144200469,20.544
767974.2800401057,13,35,767994.8240401057,20.544
769145.5394973789,15,33,769166.0834973789,20.544
770315.6626753546,16,33,770336.2066753546,20.544
771485.2370608675,4,36,771505.7810608675,20.544
772660.4629748276,19,37,772681.0069748276,20.544
773831.0010230909,7,36,773851.5450230909,20.544
775001.3597088068,3,34,775021.9037088068,20.544
776172.1162502338,18,34,776192.6602502338,20.544
777342.460533556,2,33,777363.0045335559,20.544
778512.7278315873,5,36,778533.2718315873,20.544
779688.0447507377,7,37,779708.5887507377,20.544
780858.7633037994,13,36,780879.3073037994,20.544
782029.0467876294,14,34,782049.5907876294,20.544
783199.7596694126,16,34,783220.3036694126,20.544
784370.01939656,6,33,784390.56339656,20.544
785540.2798853687,12,36,785560.8238853686,20.544
786715.6178272117,13,37,786736.1618272117,20.544
787886.332229145,3,35,787906.876229145,20.544
789056.6357082776,15,34,789077.1797082776,20.544
790227.3495136721,2,34,790247.893513672,20.544
791397.6061426919,17,33,791418.1501426919,20.544
792567.8631622624,10,37,792588.4071622624,20.544
793743.1996689506,3,36,793763.7436689506,20.544
794913.9143343809,14,35,794934.4583343809,20.544
796084.2172435502,18,35,796104.7612435502,20.544
797254.9314869058,6,34,797275.4754869058,20.544
798425.1885932158,1,36,798445.7325932158,20.544
798425.1885932158,9,35,798445.7325932158,20.544
799685.7039120052,11,37,799706.2479120052,20.544
800852.0145542427,14,36,800872.5585542427,20.544
802014.6059861068,15,35,802035.1499861068,20.544
803177.597883322,16,35,803198.141883322,20.544
804341.7322683362,17,34,804362.2762683362,20.544
805506.0675359337,0,36,805526.6115359337,20.544
806680.0207774795,8,38,806700.5647774795,20.544
807856.9688983422,15,36,807877.5128983422,20.544
809029.1340508254,18,36,809049.6780508254,20.544
810200.0112190156,2,35,810220.5552190156,20.544
811370.5843525452,1,37,811391.1283525452,20.544
811370.5843525452,9,36,811391.1283525452,20.544
812631.0277484402,4,37,812651.5717484402,20.544
813791.9166558367,19,38,813812.4606558367,20.544
814959.1279953356,18,37,814979.6719953356,20.544
816122.456935486,16,36,816143.000935486,20.544
817286.2431478736,6,35,817306.7871478735,20.544
818451.0190781569,0,37,818471.5630781569,20.544
819625.0095492662,5,37,819645.5535492662,20.544
820797.6898644527,7,38,820818.2338644527,20.544
821973.656171556,16,37,821994.200171556,20.544
823144.9507461707,2,36,823165.4947461707,20.544
824315.1041904731,17,35,824335.6481904731,20.544
825486.0044922188,4,38,825506.5484922188,20.544
826655.894601997,12,37,826676.438601997,20.544
827826.0637327732,13,38,827846.6077327732,20.544
829001.442034113,2,37,829021.986034113,20.544
830172.1278776205,6,36,830192.6718776205,20.544
831342.4568097857,1,38,831363.0008097857,20.544
831342.4568097857,9,37,831363.0008097857,20.544
832603.0166449513,5,38,832623.5606449513,20.544
833764.294044729,10,38,833784.838044729,20.544
834926.4606180637,3,37,834947.0046180637,20.544
836094.5169440194,6,37,836115.0609440194,20.544
837258.6846345923,17,36,837279.2286345923,20.544
838423.0867119125,0,38,838443.6307119125,20.544
839597.1106154921,12,38,839617.6546154921,20.544
840769.8185715148,11,38,840790.3625715148,20.544
841941.4724169769,14,37,841962.0164169769,20.544
843116.6832387384,17,37,843137.2272387384,20.544
844287.2845679242,1,39,844307.8285679242,20.544
844287.2845679242,9,38,844307.8285679242,20.544
845547.7353450954,4,39,845568.2793450954,20.544
846709.0211151052,10,39,846729.5651151052,20.544
847871.0904642864,8,39,847891.6344642864,20.544
849034.1183073726,15,37,849054.6623073725,20.544
850202.9245334277,1,40,850223.4685334277,20.544
850202.9245334277,9,39,850223.4685334277,20.544
851462.891979954,0,39,851483.435979954,20.544
852627.3790176187,5,39,852647.9230176187,20.544
853791.9740426305,11,39,853812.5180426305,20.544
854955.8753201955,19,39,854976.4193201954,20.544
856119.6892559297,18,38,856140.2332559297,20.544
857297.4991283321,0,40,857318.0431283321,20.544
858470.1599356533,4,40,858490.7039356533,20.544
859641.8749941678,12,39,859662.4189941678,20.544
860813.2010709796,8,40,860833.7450709796,20.544
861983.4581399926,7,39,862004.0021399925,20.544
863153.0708983315,16,38,863173.6148983315,20.544
864328.2694020637,4,41,864348.8134020637,20.544
865498.8297335834,5,40,865519.3737335834,20.544
866669.1596593686,10,40,866689.7036593686,20.544
867839.9097561088,19,40,867860.4537561088,20.544
869010.2542348983,13,39,869030.7982348982,20.544
870180.5255465233,2,38,870201.0695465233,20.544
871355.8455652293,5,41,871376.3895652293,20.544
872526.5625648338,12,40,872547.1065648338,20.544
873696.8478538364,11,40,873717.3918538364,20.544
874867.5605791959,7,40,874888.1045791958,20.544
876037.8195774157,3,38,876058.3635774157,20.544
877208.079812345,6,38,877228.623812345,20.544
878383.4176875938,12,41,878403.9616875938,20.544
879554.1321762988,10,41,879574.6761762988,20.544
880724.4357141772,8,41,880744.9797141772,20.544
881895.1495519538,13,40,881915.6935519538,20.544
883065.4061974372,14,38,883085.9501974372,20.544
884235.6632048332,17,38,884256.2072048332,20.544
885410.9997019797,10,42,885431.5437019797,20.544
886581.7143622035,11,41,886602.2583622035,20.544
887752.0172506897,19,41,887772.5612506897,20.544
888922.7314956709,3,39,888943.2754956709,20.544
890092.9885992099,15,38,890113.5325992099,20.544
891263.2456985575,1,41,891283.7896985575,20.544
891263.2456985575,9,40,891283.7896985575,20.544
892524.268945194,11,42,892544.812945194,20.544
893686.4149409945,8,42,893706.9589409945,20.544
894849.0059456592,7,41,894869.5499456592,20.544
896012.7795256297,14,39,896033.3235256297,20.544
897176.7900679989,18,39,897197.3340679989,20.544
898341.425279484,0,41,898361.969279484,20.544
899519.413845635,8,43,899539.957845635,20.544
